Radar started successfully

Radar tx_power set successfully
tx_power answer msg is : Ok(2)

Radar frame_rate set successfully
frame_rate answer msg is : Ok(20)

Radar min_xrange set successfully
min_xrange answer msg is : Ok(0.09850599)

Radar max_xrange set successfully
max_xrange answer msg is : Ok(3.0044327)

Radar min_yrange set successfully
min_yrange answer msg is : Ok(819)

Radar max_yrange set successfully
max_yrange answer msg is : Ok(1400)

Radar offset set successfully
offset answer msg is : Ok(0.0)

Radar iterations set successfully
iterations answer msg is : Ok(20)

Radar pps set successfully
pps answer msg is : Ok(20)

Radar elaboration set successfully
elaboration answer msg is : Ok(0)

Radar persistence set successfully
persistence answer msg is : Ok(5)

Radar dist_tol set successfully
dist_tol answer msg is : Ok(1.5)

Radar declutter_length set successfully
declutter_length answer msg is : Ok(50)

Target answer msg is : Ok(-1.0)

data received succesfully 

Radar data is : [4.502623e-39, -0.03657227, -0.013979498, 0.036677238, -0.020915532, -0.012727057, 0.03176513, -0.020473639, -0.011511236, 0.03654052, -0.024658209, -0.019562995, 0.042031243, -0.007065436, -0.034873053, 0.038630363, 0.0076879817, 8.59933e-11, 1.5534116e-23, -9.255867e-33, 1.0568715e17, 87156.99, 2.3661273e-17, 0.06871905, 85878.734, -167385560000000.0, 6.5613393e35, 0.057307675, -2.6198354e20, 3.063182e23, NaN, -181675020000000.0, -138129650.0, 3.555992e-8, -85.1155, -4.1784437e-36, 1.1270107e-26, 103030.67, 2.94219e-8, 0.052057963, 2.9139404e-14, 4.3162925e-26, 3.8585817e-8, -3.874187e26, -2.9368636e20, -1.01925825e-29, 145204800000.0, -8.780027e-36, -2.8377185e26, -5.0505983e-23, 2.5381974e-20, 0.05218019, 1.2588894e30, 3.7242006e23, 112061040000.0, 279000.0, -2.1581772e-23, 9.932345e-27, -1.0306364e-30, 0.06846811, 2.9421717e-8, -1.1747479e-23, 4.7346042e29, -6.8521235e19, 2.9362912e-8, 174193300000.0, 5.9325744e17, -2.5321049e-11, 7.4334685e-31, 1261783.3, -1.9155536e-15, -5.1274175e-5, -0.0009765688, 0.00046386084, 0.00015868506, -0.00023682276, -0.00014160792, 4.882177e-5, 0.0005004819, -0.0005322329, -0.0010302798, 0.001396478, 0.0005761655, -0.0026513734, 0.0007763608, 0.0030053647, -0.004367682, -0.0008105532, 0.0058959895, -0.0036865298, -0.003967291, 0.007846673, 0.00043944677, -0.0082470765, 0.007568353, 0.0042822203, -0.010659186, 0.0021850523, 0.008071283, -0.00877442, -0.0030468812, 0.009711907, -0.0029174867, -0.0065405336, 0.0056274347, 0.0015722592, -0.0069140685, 0.0021288998, 0.005263665, -0.0036694398, -0.0013427797, -6.207153e-22, 24367596.0, 1.1333925e26, -3.438229e-38, 0.00071330543, -25146698000.0, 2.5262247e-18, 3.798122e33, -23957.28, 1.1834152e32, 2.6617463e-12, 6.884694e21, 5.318288e-12, 6.218149e37, -1.5027585e-25, 1496.94, -764385.25, 1.3456755e19, 1.1850394e32, -3.6654903e30, 3.4483418e21, -1.4564258, -1.4565039, 1.5443771e-22, -1.3061142e16, -1.2112005e35, -5.571052e-34, 1.615331e-16, -7.0347206e24, -1.0982748e23, -6.6145304e-13, -3.5053178e24, 399952700000.0, 1.0764026e-36, -6.045456e34, 1635369600000000.0, 7.196784e27, -3.50834e24, -2970.5596, -95152.64, -3162812000000.0, -1.5080375e34, -2.7295284e22, 1.3507088e-9, -2.3299789e-27, 1.401447e25, 1.2001228e-24, -23771.521, 0.0007095813, 9.187e29, 7991.2954, -1.9011183e-11, 232172140000.0, 2.191812e-18, -8.929455e-24, -4.25502e-17, -1.3233908e-35, -2.4991787e26, -5.0298557e-23, -2.936796e20, -4.1783838e-36, 1.7553592e35, 0.081653506, -4.95607e-24, 1.4711733e23, 3.8242325e-14, 6.2610353e36, -1.8463073e26, -4.2550227e-17, 1.644037e-32, -2.7093198e32, 2.1850489e-18, 1.0886136e18, 5.576325e-22, -2.606437e-34, 0.00029377805, 4280789000000.0, -1.2193388e38, 1.26639365e-36, 3.2210436e-11, 2.612843e-34, -1.1982941e-9, 2.1315433e-37, -1.9724653e27, -1.351086e16, 7.996475e21, -1.2588976e-36, -1.102291e-29, 121677250.0, -69.976006, 2.3807928e20, 3.221043e-11, 4.4117164e-25, 1.20449e-9, 8.300454e-5, 0.00012694678, -0.00026611963, 1.9524898e-5, 0.00038085302, -0.00022461572, -0.00013428369, 0.0002514585, -0.00016113916, -0.00030762353, 0.00019774755, 0.00015136083, -0.0001757876, -6.351911e-9, 0.00015624365, -1.1633494e-27, -24900073000.0, -2.2403809e26, 1.5955967e-16, -5.1428313e-15, -757800.8, -1.3695968e22, 3.2203407e-16, -24869206000.0, 1.5387833e-22, -0.0056503303, 1.2270106e38, -1.3726775e22, 1.0854517e-36, -1.3834612e-6, -6.296334e-19, -2.6868647e-9, -24956445000.0, -2.571831e-15, -1.6432186e-13, -23726.082, -2.2924169e29, 6043077.5, -6.650197e18, 4.2059568e-11, 386421440.0, 1.2240867e38, 5.7069146e-31, 7.493947e33, 6514739000000000.0, 6.2959953e-19, 7.2780327e-29, -1.2024063e35, 203827420000000.0, 6.116439e37, 4.7980354e-24, 50934870000000.0, -1.7242503e-7, -4.903527e-21, 48528090.0, 3.5671995e27, 1.285569e-15, 2.1741937e-36, -3259303800000000.0, 1.0638009e20, 9.565825e-24, 810207660000000.0, -1.6684938e18, 1.0682395e20, -3.8315e-23, 1606525700000000.0, 24312548.0, -4.217781e-11, -3.110986e-19, 25490805000000.0, 12739902000000.0, -796243850000.0, 4.8072884e35, -0.01114741, -3.8265367e-23, 1.2376224e-18, -6046353.0, 47283.184, -5.5447256e25, -4.141346e-11, 4.4401475e26, 5.174002e-39, 5827872.0, -387092400.0, -2.9086274e31, 193734830.0, -1.816156e-29, 1.8551e-26, -1.107983e26, -6.3191924e-16, 1.1665047e-27, 0.0057440614, 1.4748553e-24, -924554.9, -2.0060882e18, -0.0057135792, 6.8684476e-37, -9.850003e-32, 3.6212585e27, 1.0244199e-30, 5.637602e34, 6.8819675, 9910369.0, -6.302293e36, -1.9924133e-19, -2.6745152e-15, -0.0057898685, 1.0429021e-30, -3.6601605e-10, 1121747800.0, 7974.945, -0.0005120207, 9.535608e-31, 1.7564478e-21, 680.89484, 1.9969995e18, -0.6590776, -1.0305602e-30, -1083998500.0, -9.272344e-32, -936838.7, 1.7185586e16, -6.850715, -5.6538747e34, -1.6904028e16, 1.7182027e-22, -0.00577456, -4.302496e30, -4.3025114e30, 4.655758e-6, 3.7066854e-9, -9976115.0, 6.8819637, 3.1314236e25, 1079800600.0, -14686742000000.0, -2.571095e22, -1088147800.0, -1.0336718e-30, -4.3813822e-7, 926591.3, -2.2053233e-18, 1.2644065e-8, 0.64540976, -1.2478125e-27, -3.1541133e25, 1.7141159e-22, 9.330005e-32, 1096584100.0, 5.0345313e33, -7.945251e-35, 1.0460067e-30, -2.121656e19, -2.7998635e24, 2.406339e-16, 5.044617e33, 1.4877684e-24, -2.4150617e-16, -0.005728863, -4.523014e31, -12363080000.0, -3.6601575e-10, -2.1237127e-19, 6.9123013e-37, 2.0034387, -1.996412e-19, -945025.56, -4.507047e31, 3.0237726e-13, 9.535546e-31, -22.71418, -922521.3, -1.7150308e16, 5.895382e-21, -2.764798e-15, 2.9319592e24, 3.7095525e28, -6.8507676, 9.2469794e-14, 12329644000.0, -3.9498145e-30, 3.2598706e26, 2.747443e-14, -3.6519477e-38, 7.142271e-36, -3.9088685e-18, 1.6892624e34, 2.3130023e-17, 1.4622993e-6, -1.0182338e-29, 7.9344917e-16, 1.2752375e-26, -128275915000.0, 9.33773e-13, 1.6058218e-23, -1.1527408e-29, 6.707669e-19, -3.3010496e26, 7.996479e21, 9.337731e-13, -4.5868375e32, 2.3807926e20, -5.330119e-5, -3.301096e26, 9.580036e-13, -7.302708e-36, -4.586837e32, -5.0191254e32, 2.2235496e20, -4.586837e32, 1.6586916e-23, 3.0742945e26, 93069760.0, -114524600.0, 6.8232097e-19, 68.27094, 0.0017057424, 4.759753e32, -1.8639017e17, 68.26996, -7.302615e-36, 7.934492e-16, 7.142271e-36, 9.0391225e-33, 2.0356837e-17, 5.105583e32, -7.9641045e-16, 1.161996e28, 1.605842e-23, 3.1291982e-31, 2.349933e-17, -1.3510998e16, 5.8043887e35, 1.56487e-40, -1.2709283e-26, -4.31735e-35, -2.4594258e20, 0.0017317747, 125528646000.0, -105587144.0, 1.9696088e-20, -2.760358e23, -7.823878e-26, -9.285319e-33, 1.4623138e-6, -7.823879e-26, 1.6586919e-23, 2.1315431e-37, 1.9335232e-20, 3.0742711e26, 9.0391225e-33, 1.2680554e-17, -4.14093e29, -2.3684616e-17, -4.5868866e32, -1.7398995e-17, 2.0356832e-17, 4.759752e32, -3.5493443e32, 7.142269e-36, -100221380.0, 7.783649e-36, -109163970.0, 7.382971e-36]
